b = 0.4253390464781409
k_1 = 1.3277324508774604
k_2 = 109.164156155521
